30091990
23407861
35160900
9501919
31026140
35882600
25725179
33450427
37881090
42700158
44785843
33110654
30786440
22045097
38002483
7666848
33665337
41659280
43941634
29447660
32558537
38443730
10740910
27251233
36208836
40018627
33333800
33846023
36951821
42973506
17682662
24389836
24421694
27751875
29511810
439490
30292330
28390698
28389197
32511410
35147153
36638469
24836845
44409636
44652103
5395270
31885786
15254910
17827267
24693591
26704123
28160370
27657011
38923046
15366485
26015196
33626125
26608185
31704979
32666385
37240401
43535202
16912291
35837080
34194319
30202109
36961094
26100160
44252050
10421180
23621210
33352704
44009524
31211970
34586576
19085130
31315955
17246922
37409455
40890617
38310505
6365570
22051307
5158460
42488447
20264589
22068546
42448779
10717615
35151049
19991931
26280826
10005935
41409330
19295506
21223129
17632893
33772465
34029419
35406894
34071510
38284805
29260114
38909114
18014254
31532776
44154451
9888867
318846
34397070
13210748
27896000
7092
28121924
10148374
13531
4265132
15212036
340584
20439184
21482867
30790564
5989010
18217674
25170876
28439406
37682799
45200262
16020497
19793349
28421298
32275301
33061152
34841580
38530195
8195129
9089789
9218271
16266492
23560767
26488119
27847156
31238933
44621441
45382458
325762
17056170
18710744
21731496
22476243
13525215
24476479
34043413
34043430
35158390
40197310
42442822
45309210
15428537
23369237
28318986
27472382
41544913
43575649
6221213
23612319
23301860
24166087
25129176
29075370
33864879
35817369
36321567
17072087
23058427
24274445
30607358
31739497
35965861
38995379
43069897
6320870
34993936
35146212
9481943
26534126
30324360
8956130
375078
36823660
43301953
30123315
43571507
11074720
15503167
43415087
17398777
11369772
23947322
35612452
5996670
34314385
12392528
13662697
13814388
15269490
16983594
17207079
18974169
24289365
29363160
29738481
15561559
35627780
8903381
15028476
23285802
29907068
30717350
32401604
34432160
22156389
33922392
2939564
16286546
29914995
37484899
36909908
10773577
36661240
300130
10913930
38336700
269956
38627806
279194
6297530
30632670
31595847
37036682
37316518
39324797
41099930
42445438
17364960
19274350
19459048
35034979
35861763
36636972
40201402
41665761
42780815
43248191
44550197
7371600
29837370
31490123
32655556
39324134
44527135
44886198
28545750
39415089
40758897
41732518
43206544
4953581
12075520
16315382
18283864
20796810
33967769
41023729
42542252
44481763
6110258
9046915
25088270
29656624
38558145
45406603
11938770
28033482
32893736
35775581
37582587
39736020
41508350
41191897
42028546
43247552
6799021
36641294
37154866
42542430
43643174
43496804
44362452
8617592
